https://www.elitepvpers.com/forum/gw-exploits-hacks-bots-tools-macros/4514081-nicholas-traveller-farm-thread.html

Case 910, 2513, 5585, 6366, 6375, 22190, 24593, 28435, 30855, 31145, 36682 _ ; Alcohol
	, 21492, 21812, 22269, 22644, 22752, 28436, 36681 _ ; FruitCake, Blue Drink, Cupcake, Bunnies, Eggs, Pie, Delicious Cake
	, 6376, 21809, 21810, 21813, 36683 _ ; Party Spam
	, 6370, 21488, 21489, 22191, 26784, 28433 _ ; DP Removals
	, 15837, 21490, 30648, 31020 _ ; Tonics
	, 556, 18345, 21491, 37765, 21833, 28433, 28434 _ ; CC Shards, Victory Token, Wayfarer, Lunar Tokens, ToTs
	, 921, 922, 923, 925, 926, 927, 928, 929, 930, 931, 932, 933, 934, 935, 936, 937, 938, 939, 940, 941, 942, 943, 944, 945, 946, 948, 949, 950, 951, 952, 953, 954, 955, 956, 6532, 6533 ; Materials
	, 19170, 513, 815, 1601, 27053, 26502, 443, 848, 523, 225, 19187, 811, 27043, 27052, 1629, 488, 479, 1009, 27069, 462, 1619, 471 _ ; Nick Items Start
	, 444, 809, 455, 493, 1579, 813, 27040, 454, 494, 855, 474, 17060, 439, 27035, 499, 1578, 424, 435, 27050, 956, 477, 1610, 852 _
	, 434, 819, 27046, 465, 17061, 440, 827, 457, 466, 814, 1671, 19173, 27037, 450, 842, 489, 1580, 442, 459, 469, 532, 1609, 825 _
	, 490, 1584, 841, 1617, 436, 504, 849, 5585, 27036, 497, 468, 17062, 484, 844, 27045, 19199, 500, 1582, 480, 818, 502, 27729 _
	, 1587, 1583, 441, 1681, 843, 19198, 464, 1577, 27042, 926, 423, 2994, 498, 1581, 27039, 496, 805, 806, 807, 808, 832, 840, 856 _
	, 847, 820, 1675, 486, 482, 467, 853, 836, 452, 234, 446, 19188
#cs
;Missing
Diamond Djinn Essence
roaring ether heart
fibrous mandragor root
Branch of Juni Berries
pillaged goods
luminous stone
water djinn essence
#ce